0 0.0770227313620824
1 0.19732501649373238
2 0.306771426857794
3 0.34839560966832606
4 0.33145804594254186
5 0.3729022971270917
6 0.4016673664007677
7 0.3938943201583398
8 0.40914052659989203
9 0.4196125472320518
10 0.4200683740178732
11 0.42389491993042644
12 0.42125592274935525
13 0.42647393990283694
14 0.42665387152881906
15 0.42543033647214057
16 0.4278774065854975
17 0.4301445450728723
18 0.4283572242547832
19 0.42980867270437234
20 0.43199184309962213
21 0.4334432915492113
22 0.4326755832783542
23 0.4329274875547292
24 0.4332393690397649
25 0.4339351046602291
26 0.43495471720746115
27 0.4357464163617825
28 0.43412703172794337
29 0.4363341930066575
30 0.43586637077910395
31 0.4359743297546932
32 0.43658609728303244
33 0.436969951418461
34 0.43770167336412164
35 0.4378336232231752
36 0.436969951418461
37 0.4381694955916752
38 0.4386373178192287
39 0.43693396509326454
40 0.4378696095483716
41 0.438493372518443
42 0.43844539075151445
43 0.43810951838301443
