0 0.23061236730042584
1 0.30163737779643734
2 0.3369039764889342
3 0.37707671084987704
4 0.396953157800036
5 0.39952018233071435
6 0.4111197744856954
7 0.4103040844479098
8 0.41572602411083787
9 0.4193966292808733
10 0.4221795717627302
11 0.42393090625562285
12 0.4246146464343549
13 0.4262820128351226
14 0.42782942481856895
15 0.42691777124692615
16 0.4279613746776225
17 0.4283332333713189
18 0.4311881485035686
19 0.4316919570563186
20 0.43207581119174715
21 0.43293948299646134
22 0.43401907275235413
23 0.43227973370119355
24 0.4344509086547112
25 0.43429496791219335
26 0.4344748995381755
27 0.43557848017753253
28 0.43481077190667544
29 0.4363941702153182
30 0.4359743297546932
31 0.43707791039405025
32 0.43773765968931805
33 0.43756972350506806
34 0.4363102021231932
35 0.43707791039405025
36 0.43742577820428236
37 0.4379775685239609
38 0.43773765968931805
39 0.43773765968931805
40 0.4388052540034787
41 0.4380135548491573
42 0.43839740898458585
43 0.43667006537515746
44 0.4377496551310502
45 0.4391531218137108
46 0.4377136688058538
47 0.4398368619924429
48 0.4387572722365501
49 0.4383134408924609
50 0.43764169615546095
51 0.4381215138247466
52 0.4387212859113537
53 0.43905715827985364
54 0.43957296227433573
55 0.43996881185149644
56 0.43930906255622865
57 0.43794158219876445
58 0.4393570443231572
59 0.4388412403286751
60 0.4403646614286571
61 0.4399568164097643
62 0.43879325856174656
63 0.4410244107239249
64 0.4402207161278714
65 0.4388652312121394
66 0.43958495771606787
67 0.43926108078930004
68 0.4395609668326036
69 0.44068853835542493
70 0.43903316739638937
71 0.43870929046962154
72 0.4395009896239429
73 0.4388412403286751
74 0.44011275715228215
75 0.4402926887782643
76 0.4399088346428357
77 0.4405325976129071
78 0.44118035146644274
79 0.4387212859113537
80 0.4396329394829965
81 0.4398128711089786
82 0.4400527799436214
83 0.43940502609008575
84 0.44004078450188927
85 0.4394650032987465
86 0.44028069333653214
87 0.44013674803574643
88 0.44024470701133567
89 0.4387332813530858
90 0.4397888802255143
91 0.439680921249925
92 0.4407485155640857
93 0.4393570443231572
94 0.43942901697355
95 0.4406405565884964
96 0.4391771126971751
97 0.4399928027349607
98 0.43888922209560366
99 0.44060457026329997
100 0.43936903976488934
101 0.4385293588436394
102 0.44058057937983564
103 0.4396089485995322
104 0.43934504888142506
105 0.43936903976488934
106 0.4395369759491393
107 0.438073532057818
108 0.44049661128771067
109 0.4393570443231572
110 0.44070053379715707
111 0.43850536796017514
112 0.4393330534396929
113 0.44014874347747857
114 0.4382654591255323
115 0.4380975229412823
116 0.4384213998680501
117 0.43704192406885384
118 0.43891321297906793
119 0.4390691537215858
120 0.43926108078930004
121 0.4383134408924609
122 0.43714988304444313
123 0.4393930306483536
124 0.4396329394829965
125 0.4375217417381395
126 0.43804954117435374
127 0.43795357764049664
128 0.43707791039405025
129 0.4377136688058538
130 0.43843339530978226
131 0.4369579559767288
132 0.4380375457326216
133 0.43635818389012176
134 0.4364781383074432
135 0.4377616505727823
136 0.4354225394350147
137 0.4364781383074432
138 0.4374857554129431
